08 46 51 FD-2717
08 51 51 FY-2063
08 57 07 LT-4076
09 01 06 GK-3407
09 06 07 HN-9314
09 11 10 FY-8320
09 16 27 XU-8732
09 22 40 RA-1527
09 28 00 RA-9598
09 33 51 YA-3915
09 39 15 JP-7037
09 44 57 OZ-8183
09 50 32 XA-6377
09 55 48 TT-0845
10 00 30 RQ-8890
10 06 14 TM-1281
10 12 04 NR-1269
10 17 20 CG-4491
10 22 24 YO-0524
10 28 19 BB-8519
10 34 29 XG-0235
10 39 57 DJ-9459
10 45 03 DH-2465
10 50 52 YZ-0459
10 56 31 VB-9322
11 01 03 IN-5066
11 06 14 WC-0699
11 12 07 QK-8868
11 17 39 ML-2934
11 23 04 RL-7798
11 28 12 WM-2037
11 33 15 IY-5858
11 38 41 TJ-6081
11 44 24 XX-0905
11 49 35 EI-0990
11 56 05 EN-5244
12 00 39 GC-0459
12 05 58 NA-2446
12 10 58 NZ-1723
12 16 42 TK-8617
12 22 06 GT-2513
12 27 50 FV-4674
12 32 56 SM-5257
12 38 52 BV-7147
12 44 08 PH-5616
12 49 21 TS-6573
12 54 23 HO-4183
12 59 40 ZY-7747
13 01 05 CH-1893
13 06 13 JW-5259
13 11 36 MX-4428
13 17 42 OS-7879
13 22 51 NV-6603
13 27 51 XF-4566
13 33 28 DB-9199
13 39 16 GK-6935
13 45 29 IE-7612
